# frequency channel 204 = 159.3750 MHz
# all phases in degrees 
# ANT AMP_XX PHASE_XX AMP_YY PHASE_YY AMP_XY PHASE_XY AMP_YX PHASE_YX
0 64.895 -24.207 38.396 -24.207 0.00 0.00 0.00 0.00
1 33.523 21.413 25.575 21.413 0.00 0.00 0.00 0.00
2 27.371 0.000 25.308 0.000 0.00 0.00 0.00 0.00
3 28.703 12.300 29.432 12.300 0.00 0.00 0.00 0.00
4 31.044 -23.028 29.069 -23.028 0.00 0.00 0.00 0.00
5 26.027 11.046 37.572 11.046 0.00 0.00 0.00 0.00
6 25.388 -38.810 23.709 -38.810 0.00 0.00 0.00 0.00
7 37.016 24.877 24.551 24.877 0.00 0.00 0.00 0.00
8 39.928 64.074 31.209 64.074 0.00 0.00 0.00 0.00
9 35.169 38.580 23.465 38.580 0.00 0.00 0.00 0.00
10 35.114 28.522 29.486 28.522 0.00 0.00 0.00 0.00
11 41.743 -72.199 21.905 -72.199 0.00 0.00 0.00 0.00
12 34.731 21.966 31.405 21.966 0.00 0.00 0.00 0.00
13 28.247 -38.673 28.318 -38.673 0.00 0.00 0.00 0.00
14 26.063 5.430 25.441 5.430 0.00 0.00 0.00 0.00
15 41.642 5.795 20.372 5.795 0.00 0.00 0.00 0.00
16 46.358 13.269 28.693 13.269 0.00 0.00 0.00 0.00
17 33.191 20.375 25.776 20.375 0.00 0.00 0.00 0.00
18 90.408 54.297 43.365 54.297 0.00 0.00 0.00 0.00
19 31.645 -25.007 35.255 -25.007 0.00 0.00 0.00 0.00
20 64.827 34.278 25.368 34.278 0.00 0.00 0.00 0.00
21 76.953 40.589 39.901 40.589 0.00 0.00 0.00 0.00
22 32.353 -13.412 29.973 -13.412 0.00 0.00 0.00 0.00
23 27.383 -34.066 23.943 -34.066 0.00 0.00 0.00 0.00
24 33.317 -25.874 27.488 -25.874 0.00 0.00 0.00 0.00
25 31.953 3.874 27.933 3.874 0.00 0.00 0.00 0.00
26 42.725 -12.778 31.335 -12.778 0.00 0.00 0.00 0.00
27 103.779 -2.524 50.401 -2.524 0.00 0.00 0.00 0.00
28 41.272 3.794 26.654 3.794 0.00 0.00 0.00 0.00
29 47.542 53.875 20.168 53.875 0.00 0.00 0.00 0.00
30 42.166 15.634 30.437 15.634 0.00 0.00 0.00 0.00
31 31.859 32.439 30.640 32.439 0.00 0.00 0.00 0.00
32 27.421 17.987 25.850 17.987 0.00 0.00 0.00 0.00
33 34.144 -16.970 41.360 -16.970 0.00 0.00 0.00 0.00
34 22.559 -21.345 24.040 -21.345 0.00 0.00 0.00 0.00
35 46.628 31.469 28.279 31.469 0.00 0.00 0.00 0.00
36 43.268 -41.411 23.498 -41.411 0.00 0.00 0.00 0.00
37 72.275 -15.938 28.370 -15.938 0.00 0.00 0.00 0.00
38 26.495 -21.117 30.726 -21.117 0.00 0.00 0.00 0.00
39 61.852 -42.624 84.353 -42.624 0.00 0.00 0.00 0.00
40 91.581 15.547 77.202 15.547 0.00 0.00 0.00 0.00
41 43.399 16.196 32.328 16.196 0.00 0.00 0.00 0.00
42 52.131 2.754 30.261 2.754 0.00 0.00 0.00 0.00
43 26.556 -10.223 26.181 -10.223 0.00 0.00 0.00 0.00
44 44.461 -53.316 27.202 -53.316 0.00 0.00 0.00 0.00
45 66.193 7.387 24.692 7.387 0.00 0.00 0.00 0.00
46 36.331 -3.165 27.202 -3.165 0.00 0.00 0.00 0.00
47 42.513 -29.074 27.027 -29.074 0.00 0.00 0.00 0.00
48 36.322 -24.101 31.677 -24.101 0.00 0.00 0.00 0.00
49 44.727 -33.196 27.848 -33.196 0.00 0.00 0.00 0.00
50 43.351 63.688 28.093 63.688 0.00 0.00 0.00 0.00
51 24.993 35.240 24.715 35.240 0.00 0.00 0.00 0.00
52 29.514 26.850 29.088 26.850 0.00 0.00 0.00 0.00
53 31.021 -35.169 23.246 -35.169 0.00 0.00 0.00 0.00
54 25.338 -29.739 27.760 -29.739 0.00 0.00 0.00 0.00
55 24.099 24.427 24.576 24.427 0.00 0.00 0.00 0.00
56 38.084 11.148 22.229 11.148 0.00 0.00 0.00 0.00
57 29.917 -67.956 31.572 -67.956 0.00 0.00 0.00 0.00
58 37.211 -30.783 25.592 -30.783 0.00 0.00 0.00 0.00
59 28.742 1.347 23.978 1.347 0.00 0.00 0.00 0.00
60 44.315 14.343 27.202 14.343 0.00 0.00 0.00 0.00
61 25.865 12.205 24.054 12.205 0.00 0.00 0.00 0.00
62 40.529 30.813 27.965 30.813 0.00 0.00 0.00 0.00
63 47.346 -34.109 24.151 -34.109 0.00 0.00 0.00 0.00
64 29.604 12.959 75.278 12.959 0.00 0.00 0.00 0.00
65 37.268 -7.511 30.909 -7.511 0.00 0.00 0.00 0.00
66 167.610 15.249 27.615 15.249 0.00 0.00 0.00 0.00
67 48.118 18.252 34.398 18.252 0.00 0.00 0.00 0.00
68 43.962 5.920 30.363 5.920 0.00 0.00 0.00 0.00
69 23.809 8.885 27.701 8.885 0.00 0.00 0.00 0.00
70 53.506 32.907 26.389 32.907 0.00 0.00 0.00 0.00
71 49.616 -13.107 27.955 -13.107 0.00 0.00 0.00 0.00
72 31.560 22.504 30.887 22.504 0.00 0.00 0.00 0.00
73 39.644 28.368 38.831 28.368 0.00 0.00 0.00 0.00
74 34.435 16.309 23.925 16.309 0.00 0.00 0.00 0.00
75 35.156 28.910 30.502 28.910 0.00 0.00 0.00 0.00
76 35.029 -13.017 43.566 -13.017 0.00 0.00 0.00 0.00
77 36.169 11.827 22.367 11.827 0.00 0.00 0.00 0.00
78 70.397 12.927 25.667 12.927 0.00 0.00 0.00 0.00
79 40.566 -6.010 23.040 -6.010 0.00 0.00 0.00 0.00
80 30.118 40.187 22.788 40.187 0.00 0.00 0.00 0.00
81 32.492 32.703 21.160 32.703 0.00 0.00 0.00 0.00
82 71.938 39.280 42.467 39.280 0.00 0.00 0.00 0.00
83 30.494 35.392 24.680 35.392 0.00 0.00 0.00 0.00
84 31.096 3.203 31.207 3.203 0.00 0.00 0.00 0.00
85 52.166 31.249 33.357 31.249 0.00 0.00 0.00 0.00
86 32.761 26.770 32.333 26.770 0.00 0.00 0.00 0.00
87 39.881 2.091 28.167 2.091 0.00 0.00 0.00 0.00
88 33.526 1.664 40.355 1.664 0.00 0.00 0.00 0.00
89 33.641 17.878 28.607 17.878 0.00 0.00 0.00 0.00
90 65.954 43.545 37.112 43.545 0.00 0.00 0.00 0.00
91 41.111 23.158 39.339 23.158 0.00 0.00 0.00 0.00
92 107.716 40.373 73.280 40.373 0.00 0.00 0.00 0.00
93 30.154 -17.251 30.449 -17.251 0.00 0.00 0.00 0.00
94 37.835 -35.815 32.303 -35.815 0.00 0.00 0.00 0.00
95 21.228 25.149 19.258 25.149 0.00 0.00 0.00 0.00
96 25.184 68.306 28.305 68.306 0.00 0.00 0.00 0.00
97 27.879 42.631 24.217 42.631 0.00 0.00 0.00 0.00
98 30.087 -16.454 31.592 -16.454 0.00 0.00 0.00 0.00
99 35.280 -1.674 24.556 -1.674 0.00 0.00 0.00 0.00
100 27.520 -37.702 23.073 -37.702 0.00 0.00 0.00 0.00
101 55.210 -17.575 27.496 -17.575 0.00 0.00 0.00 0.00
102 70.941 4.983 31.331 4.983 0.00 0.00 0.00 0.00
103 48.259 44.014 27.929 44.014 0.00 0.00 0.00 0.00
104 45.534 27.516 40.629 27.516 0.00 0.00 0.00 0.00
105 48.420 2.145 31.160 2.145 0.00 0.00 0.00 0.00
106 36.233 34.370 39.513 34.370 0.00 0.00 0.00 0.00
107 26.003 10.914 26.913 10.914 0.00 0.00 0.00 0.00
108 25.790 -2.356 27.033 -2.356 0.00 0.00 0.00 0.00
109 43.331 59.216 28.718 59.216 0.00 0.00 0.00 0.00
110 52.327 18.684 31.005 18.684 0.00 0.00 0.00 0.00
111 29.171 22.288 25.795 22.288 0.00 0.00 0.00 0.00
112 28.012 34.013 37.384 34.013 0.00 0.00 0.00 0.00
113 35.546 25.563 27.000 25.563 0.00 0.00 0.00 0.00
114 39.945 19.083 24.803 19.083 0.00 0.00 0.00 0.00
115 22.404 13.245 30.404 13.245 0.00 0.00 0.00 0.00
116 0.000 0.000 0.000 0.000 0.00 0.00 0.00 0.00
117 0.000 0.000 0.000 0.000 0.00 0.00 0.00 0.00
118 0.000 0.000 0.000 0.000 0.00 0.00 0.00 0.00
119 0.000 0.000 0.000 0.000 0.00 0.00 0.00 0.00
120 38.081 -21.702 31.843 -21.702 0.00 0.00 0.00 0.00
121 47.895 37.993 57.707 37.993 0.00 0.00 0.00 0.00
122 33.618 1.571 21.244 1.571 0.00 0.00 0.00 0.00
123 46.091 -5.180 27.786 -5.180 0.00 0.00 0.00 0.00
124 0.000 0.000 0.000 0.000 0.00 0.00 0.00 0.00
125 0.000 0.000 0.000 0.000 0.00 0.00 0.00 0.00
126 0.000 0.000 0.000 0.000 0.00 0.00 0.00 0.00
127 0.000 0.000 0.000 0.000 0.00 0.00 0.00 0.00
128 35.798 7.550 44.346 7.550 0.00 0.00 0.00 0.00
129 40.594 19.443 25.135 19.443 0.00 0.00 0.00 0.00
130 34.869 27.849 27.471 27.849 0.00 0.00 0.00 0.00
131 32.014 21.782 23.981 21.782 0.00 0.00 0.00 0.00
132 35.396 16.557 26.743 16.557 0.00 0.00 0.00 0.00
133 0.000 0.000 0.000 0.000 0.00 0.00 0.00 0.00
134 37.789 29.072 25.008 29.072 0.00 0.00 0.00 0.00
135 38.151 22.626 24.906 22.626 0.00 0.00 0.00 0.00
136 61.948 -10.687 51.817 -10.687 0.00 0.00 0.00 0.00
137 33.940 18.721 26.599 18.721 0.00 0.00 0.00 0.00
138 57.063 28.496 28.318 28.496 0.00 0.00 0.00 0.00
139 23.450 -10.303 24.646 -10.303 0.00 0.00 0.00 0.00
140 29.915 22.714 26.521 22.714 0.00 0.00 0.00 0.00
141 0.000 0.000 0.000 0.000 0.00 0.00 0.00 0.00
142 34.269 -17.504 26.754 -17.504 0.00 0.00 0.00 0.00
143 29.963 -15.475 30.650 -15.475 0.00 0.00 0.00 0.00
144 0.000 0.000 0.000 0.000 0.00 0.00 0.00 0.00
145 0.000 0.000 0.000 0.000 0.00 0.00 0.00 0.00
146 0.000 0.000 0.000 0.000 0.00 0.00 0.00 0.00
147 0.000 0.000 0.000 0.000 0.00 0.00 0.00 0.00
148 30.973 55.011 24.943 55.011 0.00 0.00 0.00 0.00
149 43.478 31.552 25.165 31.552 0.00 0.00 0.00 0.00
150 28.750 30.635 30.389 30.635 0.00 0.00 0.00 0.00
151 34.171 46.814 29.452 46.814 0.00 0.00 0.00 0.00
152 0.000 0.000 0.000 0.000 0.00 0.00 0.00 0.00
153 0.000 0.000 0.000 0.000 0.00 0.00 0.00 0.00
154 0.000 0.000 0.000 0.000 0.00 0.00 0.00 0.00
155 0.000 0.000 0.000 0.000 0.00 0.00 0.00 0.00
156 24.438 5.153 24.309 5.153 0.00 0.00 0.00 0.00
157 29.277 30.965 24.348 30.965 0.00 0.00 0.00 0.00
158 0.000 0.000 0.000 0.000 0.00 0.00 0.00 0.00
159 0.000 0.000 0.000 0.000 0.00 0.00 0.00 0.00
160 42.008 -45.168 26.497 -45.168 0.00 0.00 0.00 0.00
161 28.300 -36.123 24.538 -36.123 0.00 0.00 0.00 0.00
162 31.017 -30.210 68.022 -30.210 0.00 0.00 0.00 0.00
163 44.908 34.022 29.322 34.022 0.00 0.00 0.00 0.00
164 69.563 1.669 41.057 1.669 0.00 0.00 0.00 0.00
165 30.828 -3.589 29.740 -3.589 0.00 0.00 0.00 0.00
166 38.571 40.563 29.254 40.563 0.00 0.00 0.00 0.00
167 33.267 -27.693 29.950 -27.693 0.00 0.00 0.00 0.00
168 49.375 -13.026 78.188 -13.026 0.00 0.00 0.00 0.00
169 31.458 18.298 36.831 18.298 0.00 0.00 0.00 0.00
170 59.269 -21.440 69.122 -21.440 0.00 0.00 0.00 0.00
171 32.129 -42.576 24.681 -42.576 0.00 0.00 0.00 0.00
172 41.711 -31.074 25.646 -31.074 0.00 0.00 0.00 0.00
173 30.858 29.167 36.109 29.167 0.00 0.00 0.00 0.00
174 26.121 -2.252 25.653 -2.252 0.00 0.00 0.00 0.00
175 72.850 26.515 42.195 26.515 0.00 0.00 0.00 0.00
176 31.691 25.548 26.267 25.548 0.00 0.00 0.00 0.00
177 28.275 -35.736 32.697 -35.736 0.00 0.00 0.00 0.00
178 24.631 -14.079 21.574 -14.079 0.00 0.00 0.00 0.00
179 34.937 -19.440 25.307 -19.440 0.00 0.00 0.00 0.00
180 24.900 38.765 25.504 38.765 0.00 0.00 0.00 0.00
181 32.960 32.844 33.115 32.844 0.00 0.00 0.00 0.00
182 31.116 13.886 25.125 13.886 0.00 0.00 0.00 0.00
183 56.718 66.277 36.261 66.277 0.00 0.00 0.00 0.00
184 72.299 -20.750 24.506 -20.750 0.00 0.00 0.00 0.00
185 27.437 10.513 23.676 10.513 0.00 0.00 0.00 0.00
186 27.380 21.956 32.361 21.956 0.00 0.00 0.00 0.00
187 0.000 0.000 0.000 0.000 0.00 0.00 0.00 0.00
188 45.875 4.096 28.137 4.096 0.00 0.00 0.00 0.00
189 29.277 -6.178 25.610 -6.178 0.00 0.00 0.00 0.00
190 27.690 2.275 20.494 2.275 0.00 0.00 0.00 0.00
191 31.935 37.445 30.436 37.445 0.00 0.00 0.00 0.00
192 0.000 0.000 0.000 0.000 0.00 0.00 0.00 0.00
193 34.675 8.234 27.241 8.234 0.00 0.00 0.00 0.00
194 53.744 20.820 37.222 20.820 0.00 0.00 0.00 0.00
195 44.353 9.329 31.259 9.329 0.00 0.00 0.00 0.00
196 28.181 53.112 25.556 53.112 0.00 0.00 0.00 0.00
197 42.352 -77.030 25.642 -77.030 0.00 0.00 0.00 0.00
198 36.062 18.510 35.487 18.510 0.00 0.00 0.00 0.00
199 49.163 -9.901 30.891 -9.901 0.00 0.00 0.00 0.00
200 38.528 -0.260 31.029 -0.260 0.00 0.00 0.00 0.00
201 35.819 15.088 25.720 15.088 0.00 0.00 0.00 0.00
202 32.768 -17.106 21.492 -17.106 0.00 0.00 0.00 0.00
203 87.300 -12.350 37.810 -12.350 0.00 0.00 0.00 0.00
204 32.782 -50.487 25.722 -50.487 0.00 0.00 0.00 0.00
205 29.612 13.536 24.949 13.536 0.00 0.00 0.00 0.00
206 29.048 56.731 31.125 56.731 0.00 0.00 0.00 0.00
207 54.209 58.926 36.522 58.926 0.00 0.00 0.00 0.00
208 30.868 23.169 26.751 23.169 0.00 0.00 0.00 0.00
209 41.047 -20.159 33.838 -20.159 0.00 0.00 0.00 0.00
210 39.297 7.083 28.437 7.083 0.00 0.00 0.00 0.00
211 31.705 -23.158 29.229 -23.158 0.00 0.00 0.00 0.00
212 39.681 -20.674 28.804 -20.674 0.00 0.00 0.00 0.00
213 39.678 -3.581 24.433 -3.581 0.00 0.00 0.00 0.00
214 34.483 -17.112 38.205 -17.112 0.00 0.00 0.00 0.00
215 32.717 25.275 25.828 25.275 0.00 0.00 0.00 0.00
216 42.297 20.415 38.175 20.415 0.00 0.00 0.00 0.00
217 45.405 -2.174 38.435 -2.174 0.00 0.00 0.00 0.00
218 33.454 -15.614 52.383 -15.614 0.00 0.00 0.00 0.00
219 40.843 -27.623 39.680 -27.623 0.00 0.00 0.00 0.00
220 44.885 11.519 40.310 11.519 0.00 0.00 0.00 0.00
221 52.911 -15.046 36.746 -15.046 0.00 0.00 0.00 0.00
222 35.065 17.148 28.793 17.148 0.00 0.00 0.00 0.00
223 35.233 -18.955 33.497 -18.955 0.00 0.00 0.00 0.00
224 40.918 -22.931 31.939 -22.931 0.00 0.00 0.00 0.00
225 32.281 4.529 28.020 4.529 0.00 0.00 0.00 0.00
226 56.707 -25.399 38.269 -25.399 0.00 0.00 0.00 0.00
227 34.633 -16.856 30.770 -16.856 0.00 0.00 0.00 0.00
228 68.575 10.070 48.744 10.070 0.00 0.00 0.00 0.00
229 0.000 0.000 0.000 0.000 0.00 0.00 0.00 0.00
230 37.070 11.556 23.875 11.556 0.00 0.00 0.00 0.00
231 43.721 28.927 24.432 28.927 0.00 0.00 0.00 0.00
232 39.744 -12.673 20.148 -12.673 0.00 0.00 0.00 0.00
233 33.803 31.410 35.011 31.410 0.00 0.00 0.00 0.00
234 39.846 -30.931 29.239 -30.931 0.00 0.00 0.00 0.00
235 26.812 23.764 30.081 23.764 0.00 0.00 0.00 0.00
236 33.253 -26.178 27.073 -26.178 0.00 0.00 0.00 0.00
237 33.896 -14.032 27.792 -14.032 0.00 0.00 0.00 0.00
238 35.382 -13.330 31.938 -13.330 0.00 0.00 0.00 0.00
239 27.849 29.083 29.701 29.083 0.00 0.00 0.00 0.00
240 0.000 0.000 0.000 0.000 0.00 0.00 0.00 0.00
241 39.825 -25.346 30.851 -25.346 0.00 0.00 0.00 0.00
242 30.393 2.684 28.746 2.684 0.00 0.00 0.00 0.00
243 42.019 -18.809 24.163 -18.809 0.00 0.00 0.00 0.00
244 27.656 26.936 28.189 26.936 0.00 0.00 0.00 0.00
245 77.975 4.138 38.253 4.138 0.00 0.00 0.00 0.00
246 40.037 -6.817 66.432 -6.817 0.00 0.00 0.00 0.00
247 39.290 -3.527 27.315 -3.527 0.00 0.00 0.00 0.00
248 31.741 -0.297 25.387 -0.297 0.00 0.00 0.00 0.00
249 31.803 10.686 29.663 10.686 0.00 0.00 0.00 0.00
250 33.966 2.413 37.090 2.413 0.00 0.00 0.00 0.00
251 35.450 9.749 32.517 9.749 0.00 0.00 0.00 0.00
252 43.770 -14.988 36.875 -14.988 0.00 0.00 0.00 0.00
253 0.000 0.000 0.000 0.000 0.00 0.00 0.00 0.00
254 28.558 1.091 23.678 1.091 0.00 0.00 0.00 0.00
255 27.440 -21.783 25.875 -21.783 0.00 0.00 0.00 0.00
